%YAML:1.0
# camera intrinsics
Dataset: "Euroc"

Camera.width: 752
Camera.height: 480

Camera1.fx: 4.6115862106007575e+02
Camera1.fy: 4.5975286598073296e+02
Camera1.cx: 3.6265929181685937e+02
Camera1.cy: 2.4852105668448124e+02

Camera1.k1: -2.9545645106987750e-01
Camera1.k2: 8.6623215640186171e-02
Camera1.p1: 2.0132892276082517e-06
Camera1.p2: 1.3924531371276508e-05

Camera2.fx: 4.6009781682258682e+02
Camera2.fy: 4.5890983492218902e+02
Camera2.cx: 3.7314916359808268e+02
Camera2.cy: 2.5440734973672119e+02

Camera2.k1: -2.9294124381930947e-01
Camera2.k2: 8.4798002331543665e-02
Camera2.p1: -2.9984646536002372e-04
Camera2.p2: 3.0028216325237329e-04

Stereo.T_c1_c2: !!opencv-matrix
  rows: 4
  cols: 4
  dt: f
  data: [0.999997256477797,-0.002317135723275,-0.000343393120620,0.110074137800478,
         0.002312067192432,0.999898048507103,-0.014090668452683,-0.000156612054392,
         0.000376008102320,0.014089835846691,0.999900662638081,0.000889382785432,
         0,0,0,1.000000000000000]

# Transformation from camera 0 to body-frame (imu)
IMU.T_b_c1: !!opencv-matrix
  rows: 4
  cols: 4
  dt: f
  data: [0.0148655429818, -0.999880929698, 0.00414029679422, -0.0216401454975,
         0.999557249008, 0.0149672133247, 0.025715529948, -0.064676986768,
         -0.0257744366974, 0.00375618835797, 0.999660727178, 0.00981073058949,
         0.0, 0.0, 0.0, 1.0]

# IMU noise
IMU.NoiseGyro: 1.7e-04 # 1.6968e-04
IMU.NoiseAcc: 2.0e-03 # 2.0000e-3
IMU.GyroWalk: 1.9393e-05
IMU.AccWalk: 3.e-03 # 3.0000e-3
IMU.Frequency: 200.0


num_features: 150
num_features_init: 50
num_features_tracking: 50
num_features_tracking_bad: 20